2
2
2
2
2
2
2
2
2
2
2
2
2
2
2
2
2
2
2
2
2
2
2
2
2
2
2
2
2
2
2
2
2
2
2
2
2
2
2
2
2
2
2
2
2
2
2
2
2
2
2
2
2
2
2
2
2
2
2
2
2
2
2
2
2
2
2
2
2
2
2
2
2
2
2
2
2
2
2
2
2
2
2
2
2
2
2
2
2
2
2
2
2
2
2
2
2
2
2
2
2
2
2
2
2
2
2
2
2
2
2
2
2
2
2
2
2
2
2
2
2
2
2
2
2
2
2
2
2
2
2
2
2
2
2
2
2
2
2
2
2
2
2
2
2
2
2
2
2
2
2
2
2
2
2
2
2
2
2
2
2
2
2
2
2
2
2
2
2
2
2
2
2
2
2
2
2
2
2
2
2
2
2
2
2
2
2
2
2
2
2
2
2
2
21
21
21
2
2
2
2
2
2
2
2
2
2
2
2
2
2
2
2
2
2
2
2
2
2
2
2
2
2
2
2
2
2
2
2
2
2
2
2
2
2
2
2
2
2
2
2
2
2
2
2
2
2
2
2
2
2
2
2
2
2
2
2
2
2
2
2
2
2
2
2
2
2
2
2
2
2
2
2
2
2
2
2
2
2
2
2
2
2
2
2
2
2
2
2
136
114
18
136
136
105
136
112
136
172
136
218
136
254
136
4
136
184
120
136
136
76
136
99
136
15
93
136
136
239
120
136
136
15
136
53
136
56
0
2
2
136
24
136
136
10
99
120
136
248
136
84
136
136
103
136
21
136
106
161
136
135
136
136
225
149
136
218
136
136
136
119
109
244
136
136
184
129
136
134
136
47
136
155
136
215
136
136
115
153
136
184
136
70
136
120
136
187
136
136
136
149
5
141
136
29
136
101
136
121
136
184
136
42
136
196
136
3
3
2
136
27
2
136
85
120
136
136
254
136
163
136
193
136
249
120
136
84
136
136
188
136
185
136
238
136
8
136
219
136
161
136
94
136
248
136
102
2
136
109
136
19
2
120
136
78
136
136
153
136
136
149
84
136
0
136
212
136
233
136
53
136
73
136
21
136
184
136
102
120
136
136
77
136
239
136
159
136
196
136
137
136
76
84
136
136
161
2
136
99
136
57
120
136
2
136
233
136
163
144
136
254
136
5
136
56
136
238
136
121
136
238
136
205
136
93
136
4
136
135
120
136
136
153
136
109
2
136
103
136
161
2
120
136
136
249
136
76
136
218
136
53
136
39
136
47
136
254
136
8
136
234
136
62
136
21
136
77
136
70
120
136
136
18
136
184
136
28
136
121
136
218
0
136
129
136
215
2
136
77
136
96
136
42
136
193
2
120
136
59
59
136
136
136
57
136
136
248
180
136
85
136
105
136
56
136
78
136
98
136
55
136
99
136
103
136
40
136
164
136
106
120
136
136
76
147
136
239
136
149
136
109
136
254
136
224
136
153
136
109
2
136
136
153
78
2
136
136
83
136
109
136
56
20
136
237
136
160
136
218
136
106
136
136
242
136
85
136
235
136
164
136
193
136
23
136
184
136
4
136
10
2
136
36
136
149
136
2
62
136
104
136
51
136
165
24
136
136
93
136
156
136
226
136
56
136
81
136
51
136
39
0
136
254
136
38
136
133
136
11
2
136
149
136
209
136
159
136
27
2
136
211
136
139
136
50
136
48
136
205
136
36
136
94
136
24
23
136
92
136
81
2
136
232
136
160
136
56
2
85
136
136
200
136
161
136
51
136
254
136
160
136
109
136
248
136
161
136
224
136
249
136
85
200
136
136
112
172
136
136
44
50
136
136
93
136
51
136
119
136
224
136
105
136
149
136
93
136
38
136
27
136
55
2
136
50
136
242
2
136
62
136
219
136
159
136
81
136
136
136
136
0
0
0
0
0
136
106
136
234
136
36
136
139
136
59
136
211
136
39
136
23
136
24
136
184
136
56
136
53
136
156
2
136
51
136
92
136
109
2
181
14
136
136
136
149
26
136
212
136
124
136
226
136
11
136
5
136
38
136
254
136
161
136
193
136
189
136
234
136
81
136
122
136
153
136
50
136
93
